4ac9e72b4099fe60965357d89957d32fb4ecbdd1b3a8d693d1300e3b115ae3f4 12542 289 113009 1267168
a71b685500a5c533d62a543918518244035686280a382a6e798e7822066c0f86 27 0 0 0
06e31afd0d6ffcc414e76c459b61208f43d18a00b4507f9cba97c804d3d322c1 2 0 0 0
016f6d41eabe657a304616392996b547bb3fb48cf4a31449bc4500c524a02bc6 85 0 0 0
c45eeb078ffaa3393725e767a0f0c5776923d4453cc39f3da2119f3a001ae70c 6 0 0 0
b831dcc0fbb5eeeb3dd0dcea33935612d4f2496d743915d248256317f4e1df62 29 0 0 0
805589955c387fe63d39006d22396fac255aaf70927fa320cf25503fd2fcd358 50 0 0 0
b1e21e8ac3356262a9dfad7b8c656c37bd1c5de71b9e6e6a81e5ff42af6326ff 12 0 0 0
38cc136fd2953789aea288af779e63b7cbf00ca1c206e6b7065bf2a3f755c274 30 0 0 0
19f482a9e3627d2329178b826053e0942e053b18023cd4ee7c80bd65b0645a20 0 0 0 0
3636fcf6e8ebbd12ff9e48899f52113a6b4c63bc74e188f3d5cec0f3b6efeda3 232 5 242 657
d4d99ea172ec5bbc8088f6bef064508aeedd1ec59830fc21e9f81068b045606c 8 8 2246 310
60601e9fc3d7b39dd242f64d4dd8772dda21f86e18c6cb42dbb677ce4644dc1b 39 27 4301 730
7c124a577967e4cf8178c1a76f56794cc16f568483734e5b3160476401169d0c 100 5 242 657
ece6db4375f049b9aa889ccfba84948ed295ca064b870570c8e1c5c0999296ab 3 3 390 0
ef9ae951b7ceb4cac2e23587d7667f95f5e37fa2a7720aa2eac44c42f4e6dd28 1 1 222 0
3c0d70faf6fab235b2388b637d40ca9029719ce4f53e44acd0c684625d4afbc6 349 8 1583 415
775507d5e7a81b8f4571d92d25907cadd383ea5776d6e4e2c4d1126273f03bfe 318 1 88 0
49d1a65aa2d24fe6e8ad1012d9ee1e38f3bede16a95dd7b0c1ab0605a605f202 35 35 2334 1327
ed5586e22508e9ba9fa3d0beb9577f526bcc2956bbdf4897f50cea835fc4410f 84 84 18083 13727
f396c785a6291b691b234352ad74f6362ee701d805bbedd9e5e82b61cf0bd864 4 4 3629 52
de9863a383b73d58e3ed0f07ebb8c84bbed421b2f4f30ccf032e8efab2cc9dde 5 4 932 288
f3cc153dcadddbb92ccc92da0908ed50c0e05530b27e7c9503dce7aef469e576 84 84 21904 12660
0c0d1b1d8dab92e3751ccaa5f4713fef3b49e12e61676b6408a8a773373b16b7 51 51 3287 314
44c583040bb0d0f89d365ed915609e09d5f195b3ebc90d43fa860fc1b9cbc984 4 4 5015 121
66d123e34e9ef42635006db9db4fc2707a672038cd94a1b517e622b9ad608964 135 3 171 35
c0807c230f27c585b6376252b6fd8723d19986e65e12c5046bfed6331806a158 561 0 0 0
9e41b5981dedfbe55c4409b0ef0b10405618094960d04513c26be846ddb54147 0 0 0 0
0e9043485b90ee70ee774efb1e76aa0679048a07eb8f93c8e855b2d4a34e7689 123 121 39427 6201
5024775b3b3cbc88b690218386f7a9ab1eec836bdf121a3411863639b967b513 6 5 6558 452
21969f953b37df3acd184edde5ac2f7fbe53a9744f28032f22998980d5b71a50 21 5 5485 102
c859181a342935a3bf97282da814eccee4cc599b8f4fb9e10cca8d643523b666 12 12 988 186
40bd0af5ed63ec0dfa08d31acc864be3cf40339205bd672e0aa80be23e778ddf 3 3 6 0
db4fad5af39bfcce9151f2411c024c2769f84e9e87bef9031efa90a8141beec9 11 10 19200 57
1f6323ceb8af459bdf14dbe0e05da3ea9c59904704217ef8640a91aa28d41212 7 7 226223 160
1707f0b90d37351452cc59757967e8d3868f5143546f699e1df00ae63cfe76a3 9197 0 0 0
f304cc3a7f44eb037299930d4ef034490f65e09f5303d07f315c80d4297786ff 2 2 67 12
84faa0e9d5fe474c60818b7f72f960a52ab74bf5b5ca420333c220a1a86d14a5 37 37 3779 2235
3fed3cbc4fcb0cceed5c3129411e49ee251ed3b30e17489da22e51e5011be734 71 3 1532 5371
bc7ddd290a15a46afb8f37b0362fefc4aace2221b25ba5a3eb94be0f8d1890fc 1 1 5213 0
6021ecd0a5c4cd81c95992488915f5b24efe4a6aadbe639953b4523c5107bb20 69 1 55 55
a4897a87aedf7428f102c95b6fb6ebc9e564658ad9d46998635ffc475b60acb8 346 9 1631 2763
927985d93a459c4f3eced964ee7f97f04cf01aeff1791f27505da00fb1e6bf70 3 3 278 30
616c1bd42693c26229a9606a0e97a496c0e55d200353498f01524c30f5fb521a 13 13 2380 886
99ad9e98441a4147c6cdd6e69b6a1ef23d0a68f0d67e945faf7c98b2260f11a9 16 16 10739 3391
5c6bfd411533629cadc92eda14161f299b3946f17805f21fca768954f9909a5b 62 24 29962 29170
fd1735196fe5219106f47985d59d17b0feb23a615a6e34213eabe2ec375a82e4 2 2 3464 2
456faf19d1d4732af6d0109d020958971a83bc0e445c6a5bddb18b34e386a90c 11710 0 0 0
f81073c4e3439127233bef23dbde22b03c176c574ffaada4ec9031fa36b17528 17 0 0 0
4ea00cce488e2ea0807b1207989a0051b3ce019ae28951bc6fc49fdf330b3648 63 62 54512 41011
3fd07568a6e3a9cff765b194c3dc59857b37efd0a07220709f0272535b514d06 4 4 1267 100
ee1300de50d2d5474e2b10871e743c20d80b959c96ec561ddf87e0b57dec5813 128 127 369787 27493
252657ae5541795b9dc686fa42618286f6f3d60de5ed85b9f521a18903a944cd 9 0 0 0
78623a14e490879385395762b6498d13cc7b8d460f443cf1331684e70f800b9d 4 4 28402 17
c5792782eaeac08ded778f9739e2e84464221ec5f9f0b4e661d495825d5f41a9 10 10 10713 434
6468ea43a627a25ddb4e54a75acc2e1dbab84e0410e3a45952598952fee8cbc9 47 47 6533 1095
f23a417fe0363a5bebd401c4a812b2f3ec3329091fe9ff22f0affb2be5b09eee 1 1 7 0
0367a1a2e1e91da61132d353bb12eb5ad7cc481ad832d1a3f382f2401d2c1d86 8 0 0 0
a0632199194ef6eb9e127d1310b77ef582deccc02db9328b91d100ce08917756 5 3 9537 704
803a540a49247bdb45d8c08e5d24cd5def0e6c24c5668ef7df6d75f64f9ecd46 6 6 13108 103
27fb597b9e7795a7886254c663c2dfef63289a14ad09817bad01d12732455aee 2 2 80 24
e56dea00dec786b6d067511f530f78cb4b4f66cb2b10612c34e47694dda7e4cb 65 35 9464 826
403db11472639a4aa9d7948bf54fe5f5e47d014757f989fe6d26f800ba8328f2 3 0 0 0
189d40eb1707ad6bcd7bde35ad2a56cc612c1e0b01d26a087b370b25758e0c59 694 7 2867 1392
aaf9b9a70eb67734e3f1da34a65a7e860414dd59d4cc1293debf5ff883e94689 67 35 32752 6132
91058b823741a86f5523d8993e6209fb827a7e9ce2323d464686084a70f4950a 12 12 9057 1038
918e962e61ac4c55608e49ca69337fb4cd58229c23b26391513629557482b754 3 2 3129 2
c3b5f357dc5eb9a8b5c7c32b2217eb36246230307ee10c20124307b556dc41f0 2 2 901 74
1de5da1ae0827f5d609fc37ac157e08c1aa29ae499a248232953fe6399a760ba 9 8 1688 10
cbe41979bd9e03fc026442e7268201be9716700b75c23884ca206a7758d9f570 32 1 772 11
6707cee757a25057ba8982d89a89c6108f4e96f4c15729f09f94f56e15c90453 80238 0 0 0
9e9b0920fe3f3b5633fb9379eb470d699f37bdf21173a080b167b6277576301a 25 17 1011965 70741
558ce22c7df66009bec61303ca4421d119c2e876350ebdb8d95cf137037c9547 7 7 5685 0
bd4824430841d31cd11905db887a548618c230cab25fb82b3e62c2cedb308b42 45 1 0 0
386550f4d83593bd1282881b6f7515d48c4c42352161c9514f29d4b6a968ce04 3 3 143 15
d43954b5f5ef648152d313eeb39ba8e6cb44dd751538927b6c78f7ec7d813d16 29 29 39167 3888
f169e8715a2fd411d663f7d5407424ca31068cc2cd0d423ab9daccca56f88366 3 3 9736 111
547d1d59306812c3ba9bf0b30ea1da4a3a09930a51092b26ba54972b4eda00ef 9 0 0 0
53b69ff3f4cf4d28135606afa8f68a9cb24c03697b72f891bced73e03f34b081 699 12 4372 1630
15c768285202f0ae32b43ca25b09ff4bb0e50f8e0c2a91bfa57652b1406798fa 1691 1 1 0
401143d23317790a0f77b4d36feedfc886725741afc03fb814ccf92bb14bf6b8 2 2 700 14
a39c8c0cedf333ab9d075b02e40d3b9bddd6b53e5f4d8a2161054ef05809b036 1 1 532 0
